29 127
t 16 3 0 0 1 
m 2 18 0 0 1 
m 1 17 0 0 1 
g 1 4 0 0 1 
m 7 16 0 0 1 
t 17 4 0 0 2 
g 0 5 0 0 2 
g 2 3 0 0 2 
m 7 18 0 0 2 
t 18 6 0 0 2 
j 13 1 99 0 2 
m 5 15 0 0 2 
m 3 17 0 0 3 
g 5 8 0 0 3 
g 0 6 0 0 3 
j 12 0 99 0 3 
j 12 2 99 0 3 
m 0 14 0 0 4 
m 4 18 0 0 4 
m 4 15 0 0 4 
m 3 14 0 0 4 
t 17 3 0 0 5 
g 4 8 0 0 5 
m 0 15 0 0 5 
m 4 17 0 0 5 
m 2 17 0 0 5 
m 0 16 0 0 6 
j 7 1 99 0 6 
t 18 3 0 0 6 
g 3 8 0 0 6 
g 1 5 0 0 7 
m 1 16 0 0 7 
t 19 6 0 0 7 
m 5 17 0 0 7 
m 1 15 0 0 7 
g 6 3 0 0 8 
g 3 7 0 0 8 
g 5 3 0 0 8 
g 2 4 0 0 8 
m 1 13 0 0 8 
g 4 3 0 0 8 
g 1 6 0 0 8 
m 4 16 0 0 8 
m 7 17 0 0 8 
j 7 2 99 0 8 
m 1 14 0 0 8 
g 6 6 0 0 9 
g 6 4 0 0 9 
t 18 5 0 0 9 
t 19 3 0 0 9 
j 7 0 99 0 9 
j 12 1 99 0 9 
g 0 4 0 0 9 
g 3 6 0 0 9 
g 3 3 0 0 10 
g 2 1 0 0 10 
g 1 7 0 0 10 
g 6 5 0 0 10 
g 5 4 0 0 11 
g 3 4 0 0 11 
j 11 0 99 0 12 
m 2 13 0 0 12 
g 0 0 0 0 12 
g 2 5 0 0 12 
g 4 4 0 0 12 
g 2 6 0 0 12 
m 2 16 0 0 12 
g 2 9 0 0 12 
t 19 5 0 0 13 
t 12 3 0 0 13 
g 4 6 0 0 13 
j 9 0 99 0 14 
m 3 16 0 0 14 
j 10 0 99 0 14 
m 6 17 0 0 14 
t 19 4 0 0 14 
j 8 0 99 0 15 
j 8 2 99 0 16 
g 1 3 0 0 16 
j 11 1 99 0 16 
t 11 3 0 0 16 
m 2 14 0 0 16 
g 5 6 0 0 16 
g 1 8 0 0 16 
m 3 15 0 0 17 
j 11 2 99 0 17 
j 8 1 99 0 18 
g 0 1 0 0 18 
g 1 1 0 0 18 
j 9 1 99 0 20 
g 0 3 0 0 20 
g 3 5 0 0 21 
j 10 1 99 0 22 
g 4 5 0 0 23 
g 2 7 0 0 24 
m 6 16 0 0 25 
g 0 2 0 0 25 
j 9 2 99 0 25 
t 10 3 0 0 26 
g 2 2 0 0 26 
t 18 4 0 0 29 
t 10 4 0 0 29 
m 2 15 0 0 29 
m 5 16 0 0 29 
g 5 5 0 0 29 
g 1 2 0 0 29 
g 2 8 0 0 29 
j 10 2 99 0 29 
b 4 1 10 0 29 
b 2 11 10 0 29 
b 8 4 10 0 29 
Z 5 7 8 1 29 
Z 18 0 2 1 29 
O 3 18 4 4 29 
O 17 17 4 4 29 
W 11 16 9 5 29 
W 4 13 12 5 29 
L 10 19 3 7 29 
L 16 14 3 7 29 
t 15 3 0 0 0 
j 14 1 99 0 0 
m 0 13 0 0 0 
g 4 9 0 0 0 
g 3 9 0 0 0 
t 19 7 0 0 0 
g 1 0 0 0 0 
t 13 3 0 0 0 
